

#####################################################################################
             precision    recall  f1-score   support

           0       0.96      0.97      0.96       979
           1       0.97      0.97      0.97      1133
           2       0.92      0.88      0.90      1030
           3       0.89      0.89      0.89      1008
           4       0.89      0.91      0.90       980
           5       0.84      0.84      0.84       890
           6       0.88      0.94      0.91       956
           7       0.91      0.92      0.92      1027
           8       0.84      0.85      0.85       973
           9       0.93      0.87      0.90      1008

    accuracy                           0.90      9984
   macro avg       0.90      0.90      0.90      9984
weighted avg       0.90      0.90      0.90      9984

#####################################################################################
loss: 0.8872
loss: 0.6141
loss: 0.5651
loss: 0.5437
loss: 0.5310
loss: 0.5176
loss: 0.4987
loss: 0.4914
loss: 0.4832
loss: 0.4741
loss: 0.8485
loss: 0.6157
loss: 0.5746
loss: 0.5495
loss: 0.5312
loss: 0.5204
loss: 0.5036
loss: 0.4894
loss: 0.4830
loss: 0.4781
              precision    recall  f1-score   support

           0       0.96      0.97      0.97       980
           1       0.98      0.98      0.98      1135
           2       0.93      0.89      0.91      1032
           3       0.89      0.90      0.90      1010
           4       0.92      0.94      0.93       982
           5       0.86      0.88      0.87       892
           6       0.94      0.95      0.95       958
           7       0.92      0.93      0.92      1028
           8       0.88      0.87      0.87       974
           9       0.93      0.89      0.91      1009

    accuracy                           0.92     10000
   macro avg       0.92      0.92      0.92     10000
weighted avg       0.92      0.92      0.92     10000

R_hat
1.weight	1.03274376189659
1.bias	1.0316288070034312
ESS
1.weight	3843.8106645648404
1.bias	6602.059991327962
MCSE
1.weight	0.024079459534847632
1.bias	0.019640945432561237
#####################################################################################
loss: 1.2954
loss: 1.0798
loss: 0.9584
loss: 1.1019
loss: 2.8176
loss: 1.0363
loss: 0.9526
loss: 1.1476
loss: 0.9081
loss: 3.1620
loss: 25.8818
loss: 1.1026
loss: 0.9664
loss: 0.9933
loss: 0.9968
loss: 1.8102
loss: 0.9921
loss: 6.9946
loss: 1.1028
loss: 1.1157
              precision    recall  f1-score   support

           0       0.96      0.97      0.97       980
           1       0.98      0.97      0.97      1135
           2       0.92      0.90      0.91      1032
           3       0.89      0.90      0.90      1010
           4       0.92      0.93      0.92       982
           5       0.86      0.87      0.87       892
           6       0.93      0.95      0.94       958
           7       0.92      0.93      0.92      1028
           8       0.85      0.87      0.86       974
           9       0.93      0.88      0.91      1009

    accuracy                           0.92     10000
   macro avg       0.92      0.92      0.92     10000
weighted avg       0.92      0.92      0.92     10000

R_hat
1.weight	1.033879410840954
1.bias	1.0418002102579749
ESS
1.weight	3800.1410528421143
1.bias	6602.059991327962
MCSE
1.weight	0.023891509303193996
1.bias	0.004740442347658816
